ATL	101.13527180783818	42.32869785082175	22.261272650653183	-1.2979351032448379	0.46776232616940583
BKN	106.49046321525886	43.12715712988192	23.40326975476839	-1.9936421435059037	0.44595821980018163
BOS	102.53032721468476	42.20391061452514	22.91899441340782	2.210295291300878	0.5518754988028731
CHA	100.74115566037736	42.183372641509436	22.45695754716981	-3.782429245283019	0.3856132075471698
CHH	95.36363636363636	41.7979797979798	23.15959595959596	1.5232323232323233	0.5757575757575758
CHI	99.45935647756139	43.494496189669775	22.801016088060965	-0.7701100762066045	0.48602878916172737
CLE	100.65114345114345	42.47068607068607	22.23825363825364	0.19792099792099793	0.5135135135135135
DAL	103.38566694283347	42.182684341342174	21.884009942004973	1.307787903893952	0.548053024026512
DEN	105.11059907834101	43.45915374947633	24.114369501466275	0.4185169669040637	0.521156263091747
DET	98.96909398814564	42.24047417442845	21.566469093988147	-0.4170194750211685	0.4695173581710415
GSW	105.81844619858745	43.8637307852098	24.614873286248443	0.5110095554632322	0.5068550062318239
HOU	103.38019303399076	43.27654217373059	21.714645404951742	1.1917750734368444	0.5383969785984054
IND	101.72403924775143	42.419460343417825	22.53311529026983	1.0956663941128373	0.5339329517579722
LAC	102.47879558948262	42.44656488549618	22.091603053435115	-0.31721798134011875	0.4851569126378287
LAL	104.30024019215372	43.811048839071255	22.972377902321856	1.467173738991193	0.5684547638110489
MEM	101.61287027579162	42.602655771195096	22.134831460674157	-0.5526046986721144	0.48927477017364657
MIA	99.48870392390012	41.52279032897344	21.700356718192626	1.9278636543797067	0.5751089972255252
MIL	103.01054407423028	42.87431463517503	22.797975537747785	0.24504428511176718	0.5018979333614508
MIN	102.42405884898312	42.599740372133276	23.34400692340978	-1.0623106880138469	0.4465599307659022
NJN	94.76106194690266	41.30249396621078	21.46580852775543	-2.2260659694288014	0.4247787610619469
NOH	94.36119402985075	40.90298507462686	20.907462686567165	-1.2925373134328357	0.4597014925373134
NOK	94.17073170731707	41.670731707317074	18.634146341463413	-2.1951219512195124	0.4695121951219512
NOP	109.13407258064517	44.44254032258065	24.82157258064516	-1.2016129032258065	0.4465725806451613
NYK	99.87176220806793	42.524416135881104	20.863694267515925	-1.2343949044585987	0.4556263269639066
OKC	107.84804246848043	44.73125414731254	21.914399469143994	2.6025215660252154	0.5792966157929662
ORL	99.90651801029159	42.55960548885077	21.37778730703259	-1.0617495711835334	0.46269296740994853
PHI	100.38982338099242	42.71951219512195	22.13919259882254	-1.016820857863751	0.46761984861227923
PHX	105.53774778574441	42.455082243778996	23.913960354280896	0.7030788696752425	0.5255166596372839
POR	101.26040781648258	42.71537807986406	21.488105352591333	-0.18521665250637212	0.5084961767204758
SAC	104.2074074074074	42.63616557734205	22.729847494553375	-1.5995642701525055	0.44836601307189544
SAS	101.67697870630775	42.96625150662917	23.110887906789877	3.527922860586581	0.6102852551225392
SEA	98.78313253012048	40.81380065717415	21.764512595837896	0.4184008762322015	0.5169769989047097
TOR	101.91198979591837	42.01488095238095	22.33205782312925	-0.2070578231292517	0.483843537414966
UTA	101.98831873174802	42.78264497288277	23.46683354192741	1.5231539424280351	0.5460992907801419
VAN	92.33597883597884	40.304232804232804	22.17989417989418	-7.412698412698413	0.2275132275132275
WAS	101.89670138888889	42.290364583333336	22.33246527777778	-2.6336805555555554	0.4123263888888889
